File:
C:/Users/Usuario/Desktop/Nueva carpeta/new_Analyte- PSA (Prostate Specific Antigen).xlsx

Data statistics:
          Meas_1        Meas_2        Meas_3        Meas_4        Meas_5        Meas_6        Meas_7        Meas_8
count  27.000000  2.700000e+01  2.700000e+01  2.700000e+01  2.700000e+01  2.700000e+01  2.700000e+01  2.700000e+01
mean    0.510111  4.564922e-01  4.093126e-01  4.173614e-01  3.927806e-01  4.067944e-01  4.997529e-01  6.481088e-01
std     0.197177  1.735870e-01  1.335702e-01  1.456232e-01  2.117025e-01  4.348242e-01  9.075322e-01  1.872936e+00
min     0.000000  3.120000e-11  6.250000e-11  1.250000e-10  2.500000e-10  5.000000e-10  1.000000e-09  2.000000e-09
25%     0.455036  3.837417e-01  3.578885e-01  3.728993e-01  2.966508e-01  2.611625e-01  2.926433e-01  2.247655e-01
50%     0.549469  5.266800e-01  4.438667e-01  4.471245e-01  3.967963e-01  3.583377e-01  3.568280e-01  3.194140e-01
75%     0.657618  5.806525e-01  5.045203e-01  5.152832e-01  4.552715e-01  4.248797e-01  4.264645e-01  3.916228e-01
max     0.697586  6.581875e-01  5.632300e-01  6.200000e-01  1.250000e+00  2.500000e+00  5.000000e+00  1.000000e+01

One phase association parameters:
 C (ng mL-1)  0.000  0.150  0.320  0.620  1.250  2.500  5.000  10.000 
    C (M)     0.000  0.031  0.062  0.125  0.250  0.500  1.000  2.000  
      Y0      0.081  0.033  0.039  0.035  0.060  0.048  0.033  0.022  
   Plateau    0.686  0.622  0.521  0.541  0.512  0.486  0.470  0.499  
   K(s^-1)    0.032  0.031  0.037  0.031  0.023  0.021  0.024  0.016  
     Span     0.605  0.590  0.482  0.506  0.452  0.437  0.437  0.477  
     R^2      0.957  0.986  0.962  0.978  0.974  0.977  0.952  0.984  

Binding constants:
